00
00
00
00
00
00
00
00
00
00
00
00
00
00
00
00
00
00
00
00
00
00
00
00
00
00
00
00
00
00
00
00
00
00
00
00
00
00
00
00
00
00
00
00
00
00
00
00
00
00
00
00
00
00
00
00
00
00
00
00
00
00
00
00
00
00
00
00
00
00
00
00
00
00
00
00
00
00
00
00
00
00
00
00
00
00
00
00
00
00
00
00
00
00
00
00
00
00
00
00
00
00
00
00
00
00
00
00
00
00
00
00
00
00
00
00
00
00
00
00
00
00
00
00
00
00
00
00
00
00
00
00
00
00
00
00
00
00
00
00
00
00
00
00
00
00
00
00
00
00
00
00
00
00
00
00
00
00
00
00
00
00
00
00
00
00
00
00
00
00
00
00
00
00
00
00
00
00
00
00
00
00
00
00
00
00
00
00
00
00
00
00
00
00
00
00
00
00
00
00
00
00
00
00
00
00
00
00
00
00
00
00
00
00
00
00
00
00
00
00
00
00
00
00
00
00
00
00
00
00
00
00
00
00
00
00
00
00
00
00
00
00
00
00
00
00
00
00
00
00
00
00
00
00
00
00
00
00
00
00
00
00
00
00
00
00
00
5f
00
00
00
00
00
00
03
00
03
00
00
00
64
3c
26
64
3c
26
24
00
26
49
49
7f
49
49
32
00
42
25
12
08
24
52
21
00
20
50
4e
55
22
58
28
00
00
00
00
03
00
00
00
00
00
00
1c
22
41
00
00
00
00
00
00
41
22
1c
00
00
00
15
15
0e
0e
15
15
00
00
08
08
3e
08
08
00
00
00
00
00
50
30
00
00
00
00
08
08
08
08
08
00
00
00
00
00
40
00
00
00
00
40
20
10
08
04
02
01
00
00
3e
41
41
41
3e
00
00
00
00
41
7f
40
00
00
00
00
42
61
51
49
6e
00
00
00
22
41
49
49
36
00
00
00
18
14
12
7f
10
00
00
00
27
49
49
49
71
00
00
00
3c
4a
49
48
70
00
00
00
43
21
11
0d
03
00
00
00
36
49
49
49
36
00
00
00
06
09
49
29
1e
00
00
00
00
00
12
00
00
00
00
00
00
00
52
30
00
00
00
00
00
08
14
14
22
00
00
00
14
14
14
14
14
14
00
00
00
22
14
14
08
00
00
00
02
01
59
05
02
00
00
3e
41
5d
55
4d
51
2e
00
40
7c
4a
09
4a
7c
40
00
41
7f
49
49
49
49
36
00
1c
22
41
41
41
41
22
00
41
7f
41
41
41
22
1c
00
41
7f
49
49
5d
41
63
00
41
7f
49
09
1d
01
03
00
1c
22
41
49
49
3a
08
00
41
7f
08
08
08
7f
41
00
00
41
41
7F
41
41
00
00
30
40
41
41
3F
01
01
00
41
7f
08
0c
12
61
41
00
41
7f
41
40
40
40
60
00
41
7f
42
0c
42
7f
41
00
41
7f
42
0c
11
7f
01
00
1c
22
41
41
41
22
1c
00
41
7f
49
09
09
09
06
00
0c
12
21
21
61
52
4c
00
41
7f
09
09
19
69
46
00
66
49
49
49
49
49
33
00
03
01
41
7f
41
01
03
00
01
3f
41
40
41
3f
01
00
01
0f
31
40
31
0f
01
00
01
1f
61
14
61
1f
01
00
41
41
36
08
36
41
41
00
01
03
44
78
44
03
01
00
43
61
51
49
45
43
61
00
00
00
7f
41
41
00
00
00
01
02
04
08
10
20
40
00
00
00
41
41
7f
00
00
00
00
04
02
01
01
02
04
00
00
40
40
40
40
40
40
00
00
01
02
00
00
00
00
00
00
34
4a
4a
4a
3c
40
00
00
41
3f
48
48
48
30
00
00
3c
42
42
42
24
00
00
00
30
48
48
49
3f
40
00
00
3c
4a
4a
4a
2c
00
00
00
00
48
7e
49
09
00
00
00
26
49
49
49
3f
01
00
41
7f
48
04
44
78
40
00
00
00
44
7d
40
00
00
00
00
00
40
44
3d
00
00
00
41
7f
10
18
24
42
42
00
00
40
41
7f
40
40
00
00
42
7e
02
7c
02
7e
40
00
42
7e
44
02
42
7c
40
00
00
3c
42
42
42
3c
00
00
00
41
7f
49
09
09
06
00
00
06
09
09
49
7f
41
00
00
42
7e
44
02
02
04
00
00
64
4a
4a
4a
36
00
00
00
04
3f
44
44
20
00
00
00
02
3e
40
40
22
7e
40
02
0e
32
40
32
0e
02
00
02
1e
62
18
62
1e
02
00
42
62
14
08
14
62
42
00
01
43
45
38
05
03
01
00
00
46
62
52
4a
46
62
00
00
00
08
36
41
00
00
00
00
00
00
7f
00
00
00
00
00
00
00
41
36
08
00
00
00
18
08
08
10
10
18
00
AA
55
AA
55
AA
55
AA
55